PSTAR: Stopping Powers and Range Tables for Protons

POLYETHYLENE TEREPHTHALATE (MYLAR)                                      

Kinetic   Electron. Nuclear   Total     CSDA      Projected Detour 
Energy    Stp. Pow. Stp. Pow. Stp. Pow. Range     Range     Factor 
MeV       MeV cm2/g MeV cm2/g MeV cm2/g g/cm2     g/cm2            

1.000E-03 1.509E+02 3.190E+01 1.828E+02 6.920E-06 2.900E-06 0.4191 
1.500E-03 1.849E+02 2.614E+01 2.110E+02 9.443E-06 4.370E-06 0.4628 
2.000E-03 2.135E+02 2.241E+01 2.359E+02 1.168E-05 5.809E-06 0.4972 
2.500E-03 2.387E+02 1.975E+01 2.584E+02 1.371E-05 7.200E-06 0.5253 
3.000E-03 2.614E+02 1.773E+01 2.792E+02 1.557E-05 8.543E-06 0.5488 
4.000E-03 2.978E+02 1.486E+01 3.126E+02 1.894E-05 1.111E-05 0.5867 
5.000E-03 3.302E+02 1.287E+01 3.431E+02 2.199E-05 1.355E-05 0.6162 
6.000E-03 3.596E+02 1.141E+01 3.710E+02 2.479E-05 1.587E-05 0.6401 
7.000E-03 3.864E+02 1.028E+01 3.967E+02 2.740E-05 1.808E-05 0.6600 
8.000E-03 4.105E+02 9.372E+00 4.198E+02 2.985E-05 2.020E-05 0.6768 
9.000E-03 4.325E+02 8.630E+00 4.411E+02 3.217E-05 2.225E-05 0.6915 
1.000E-02 4.530E+02 8.008E+00 4.610E+02 3.439E-05 2.422E-05 0.7043 
1.250E-02 4.949E+02 6.816E+00 5.017E+02 3.958E-05 2.892E-05 0.7307 
1.500E-02 5.303E+02 5.959E+00 5.363E+02 4.439E-05 3.336E-05 0.7514 
1.750E-02 5.612E+02 5.310E+00 5.665E+02 4.892E-05 3.759E-05 0.7682 
2.000E-02 5.888E+02 4.799E+00 5.936E+02 5.323E-05 4.164E-05 0.7823 
2.250E-02 6.134E+02 4.386E+00 6.178E+02 5.736E-05 4.556E-05 0.7942 
2.500E-02 6.353E+02 4.044E+00 6.393E+02 6.134E-05 4.935E-05 0.8046 
2.750E-02 6.547E+02 3.756E+00 6.585E+02 6.519E-05 5.304E-05 0.8137 
3.000E-02 6.723E+02 3.509E+00 6.758E+02 6.893E-05 5.665E-05 0.8217 
3.500E-02 7.034E+02 3.108E+00 7.066E+02 7.617E-05 6.364E-05 0.8355 
4.000E-02 7.305E+02 2.796E+00 7.333E+02 8.311E-05 7.038E-05 0.8468 
4.500E-02 7.535E+02 2.545E+00 7.560E+02 8.982E-05 7.692E-05 0.8564 
5.000E-02 7.723E+02 2.338E+00 7.746E+02 9.635E-05 8.330E-05 0.8646 
5.500E-02 7.870E+02 2.165E+00 7.892E+02 1.027E-04 8.956E-05 0.8717 
6.000E-02 7.983E+02 2.017E+00 8.003E+02 1.090E-04 9.573E-05 0.8780 
6.500E-02 8.066E+02 1.890E+00 8.085E+02 1.152E-04 1.018E-04 0.8837 
7.000E-02 8.124E+02 1.779E+00 8.142E+02 1.214E-04 1.079E-04 0.8888 
7.500E-02 8.160E+02 1.681E+00 8.176E+02 1.275E-04 1.139E-04 0.8934 
8.000E-02 8.176E+02 1.594E+00 8.191E+02 1.336E-04 1.200E-04 0.8977 
8.500E-02 8.174E+02 1.516E+00 8.189E+02 1.397E-04 1.260E-04 0.9016 
9.000E-02 8.158E+02 1.446E+00 8.173E+02 1.459E-04 1.320E-04 0.9052 
9.500E-02 8.129E+02 1.383E+00 8.143E+02 1.520E-04 1.381E-04 0.9086 
1.000E-01 8.089E+02 1.326E+00 8.103E+02 1.581E-04 1.442E-04 0.9117 
1.250E-01 7.776E+02 1.101E+00 7.787E+02 1.896E-04 1.753E-04 0.9248 
1.500E-01 7.365E+02 9.443E-01 7.374E+02 2.225E-04 2.080E-04 0.9347 
1.750E-01 6.934E+02 8.291E-01 6.942E+02 2.575E-04 2.427E-04 0.9427 
2.000E-01 6.519E+02 7.404E-01 6.526E+02 2.946E-04 2.796E-04 0.9491 
2.250E-01 6.136E+02 6.697E-01 6.143E+02 3.341E-04 3.189E-04 0.9545 
2.500E-01 5.791E+02 6.121E-01 5.797E+02 3.760E-04 3.606E-04 0.9590 
2.750E-01 5.482E+02 5.640E-01 5.488E+02 4.204E-04 4.047E-04 0.9628 
3.000E-01 5.206E+02 5.231E-01 5.212E+02 4.671E-04 4.513E-04 0.9661 
3.500E-01 4.729E+02 4.576E-01 4.734E+02 5.679E-04 5.517E-04 0.9714 
4.000E-01 4.340E+02 4.074E-01 4.344E+02 6.783E-04 6.616E-04 0.9754 
4.500E-01 4.022E+02 3.676E-01 4.026E+02 7.980E-04 7.808E-04 0.9785 
5.000E-01 3.761E+02 3.352E-01 3.765E+02 9.265E-04 9.089E-04 0.9810 
5.500E-01 3.543E+02 3.083E-01 3.546E+02 1.063E-03 1.045E-03 0.9830 
6.000E-01 3.350E+02 2.855E-01 3.353E+02 1.209E-03 1.190E-03 0.9847 
6.500E-01 3.182E+02 2.660E-01 3.185E+02 1.362E-03 1.343E-03 0.9861 
7.000E-01 3.032E+02 2.490E-01 3.035E+02 1.522E-03 1.503E-03 0.9872 
7.500E-01 2.898E+02 2.342E-01 2.900E+02 1.691E-03 1.671E-03 0.9882 
8.000E-01 2.777E+02 2.211E-01 2.779E+02 1.867E-03 1.847E-03 0.9890 
8.500E-01 2.667E+02 2.095E-01 2.669E+02 2.051E-03 2.030E-03 0.9898 
9.000E-01 2.566E+02 1.990E-01 2.568E+02 2.242E-03 2.220E-03 0.9904 
9.500E-01 2.474E+02 1.896E-01 2.476E+02 2.440E-03 2.418E-03 0.9909 
1.000E+00 2.389E+02 1.811E-01 2.391E+02 2.646E-03 2.623E-03 0.9914 
1.250E+00 2.048E+02 1.482E-01 2.049E+02 3.779E-03 3.754E-03 0.9932 
1.500E+00 1.802E+02 1.257E-01 1.803E+02 5.083E-03 5.054E-03 0.9943 
1.750E+00 1.614E+02 1.093E-01 1.615E+02 6.551E-03 6.518E-03 0.9951 
2.000E+00 1.465E+02 9.676E-02 1.466E+02 8.178E-03 8.142E-03 0.9956 
2.250E+00 1.344E+02 8.691E-02 1.345E+02 9.960E-03 9.920E-03 0.9960 
2.500E+00 1.244E+02 7.893E-02 1.244E+02 1.189E-02 1.185E-02 0.9963 
2.750E+00 1.159E+02 7.233E-02 1.159E+02 1.398E-02 1.393E-02 0.9965 
3.000E+00 1.086E+02 6.678E-02 1.086E+02 1.621E-02 1.615E-02 0.9967 
3.500E+00 9.662E+01 5.795E-02 9.667E+01 2.110E-02 2.103E-02 0.9970 
4.000E+00 8.724E+01 5.123E-02 8.729E+01 2.655E-02 2.647E-02 0.9972 
4.500E+00 7.968E+01 4.594E-02 7.973E+01 3.255E-02 3.246E-02 0.9974 
5.000E+00 7.343E+01 4.167E-02 7.347E+01 3.909E-02 3.899E-02 0.9975 
5.500E+00 6.817E+01 3.814E-02 6.821E+01 4.615E-02 4.604E-02 0.9976 
6.000E+00 6.368E+01 3.518E-02 6.372E+01 5.374E-02 5.362E-02 0.9977 
6.500E+00 5.980E+01 3.265E-02 5.983E+01 6.185E-02 6.171E-02 0.9978 
7.000E+00 5.640E+01 3.047E-02 5.643E+01 7.046E-02 7.030E-02 0.9978 
7.500E+00 5.339E+01 2.857E-02 5.342E+01 7.957E-02 7.940E-02 0.9979 
8.000E+00 5.072E+01 2.690E-02 5.075E+01 8.917E-02 8.899E-02 0.9979 
8.500E+00 4.834E+01 2.542E-02 4.836E+01 9.927E-02 9.906E-02 0.9980 
9.000E+00 4.618E+01 2.410E-02 4.621E+01 1.098E-01 1.096E-01 0.9980 
9.500E+00 4.423E+01 2.291E-02 4.425E+01 1.209E-01 1.207E-01 0.9980 
1.000E+01 4.245E+01 2.183E-02 4.247E+01 1.324E-01 1.322E-01 0.9980 
1.250E+01 3.547E+01 1.771E-02 3.549E+01 1.971E-01 1.968E-01 0.9982 
1.500E+01 3.061E+01 1.492E-02 3.063E+01 2.732E-01 2.727E-01 0.9982 
1.750E+01 2.702E+01 1.290E-02 2.703E+01 3.603E-01 3.597E-01 0.9983 
2.000E+01 2.425E+01 1.137E-02 2.426E+01 4.581E-01 4.573E-01 0.9983 
2.500E+01 2.023E+01 9.210E-03 2.024E+01 6.848E-01 6.837E-01 0.9984 
2.750E+01 1.873E+01 8.416E-03 1.874E+01 8.133E-01 8.120E-01 0.9984 
3.000E+01 1.746E+01 7.751E-03 1.746E+01 9.516E-01 9.501E-01 0.9984 
3.500E+01 1.541E+01 6.697E-03 1.542E+01 1.257E+00 1.255E+00 0.9985 
4.000E+01 1.385E+01 5.901E-03 1.385E+01 1.600E+00 1.597E+00 0.9985 
4.500E+01 1.260E+01 5.277E-03 1.261E+01 1.979E+00 1.976E+00 0.9985 
5.000E+01 1.159E+01 4.775E-03 1.159E+01 2.393E+00 2.389E+00 0.9986 
5.500E+01 1.075E+01 4.361E-03 1.075E+01 2.841E+00 2.837E+00 0.9986 
6.000E+01 1.004E+01 4.015E-03 1.004E+01 3.322E+00 3.318E+00 0.9986 
6.500E+01 9.428E+00 3.721E-03 9.432E+00 3.837E+00 3.831E+00 0.9986 
7.000E+01 8.901E+00 3.468E-03 8.904E+00 4.382E+00 4.377E+00 0.9986 
7.500E+01 8.439E+00 3.248E-03 8.443E+00 4.959E+00 4.953E+00 0.9987 
8.000E+01 8.032E+00 3.055E-03 8.035E+00 5.567E+00 5.559E+00 0.9987 
8.500E+01 7.670E+00 2.883E-03 7.673E+00 6.204E+00 6.196E+00 0.9987 
9.000E+01 7.346E+00 2.731E-03 7.348E+00 6.870E+00 6.861E+00 0.9987 
9.500E+01 7.054E+00 2.594E-03 7.056E+00 7.564E+00 7.555E+00 0.9987 
1.000E+02 6.789E+00 2.470E-03 6.791E+00 8.287E+00 8.276E+00 0.9987 
1.250E+02 5.768E+00 1.998E-03 5.770E+00 1.230E+01 1.228E+01 0.9988 
1.500E+02 5.073E+00 1.679E-03 5.074E+00 1.693E+01 1.691E+01 0.9988 
1.750E+02 4.568E+00 1.450E-03 4.570E+00 2.214E+01 2.211E+01 0.9988 
2.000E+02 4.186E+00 1.277E-03 4.187E+00 2.786E+01 2.783E+01 0.9989 
2.250E+02 3.886E+00 1.142E-03 3.887E+00 3.406E+01 3.403E+01 0.9989 
2.500E+02 3.645E+00 1.033E-03 3.646E+00 4.071E+01 4.067E+01 0.9989 
2.750E+02 3.447E+00 9.433E-04 3.448E+00 4.777E+01 4.772E+01 0.9989 
3.000E+02 3.281E+00 8.684E-04 3.282E+00 5.520E+01 5.515E+01 0.9989 
3.500E+02 3.021E+00 7.500E-04 3.022E+00 7.111E+01 7.104E+01 0.9990 
4.000E+02 2.827E+00 6.606E-04 2.827E+00 8.824E+01 8.815E+01 0.9990 
4.500E+02 2.677E+00 5.906E-04 2.677E+00 1.064E+02 1.063E+02 0.9990 
5.000E+02 2.558E+00 5.344E-04 2.558E+00 1.255E+02 1.254E+02 0.9991 
5.500E+02 2.462E+00 4.882E-04 2.462E+00 1.455E+02 1.454E+02 0.9991 
6.000E+02 2.383E+00 4.495E-04 2.383E+00 1.661E+02 1.660E+02 0.9991 
6.500E+02 2.318E+00 4.166E-04 2.318E+00 1.874E+02 1.872E+02 0.9991 
7.000E+02 2.262E+00 3.883E-04 2.263E+00 2.092E+02 2.091E+02 0.9992 
7.500E+02 2.214E+00 3.638E-04 2.215E+00 2.316E+02 2.314E+02 0.9992 
8.000E+02 2.173E+00 3.422E-04 2.173E+00 2.544E+02 2.542E+02 0.9992 
8.500E+02 2.137E+00 3.231E-04 2.137E+00 2.776E+02 2.774E+02 0.9992 
9.000E+02 2.105E+00 3.061E-04 2.106E+00 3.012E+02 3.009E+02 0.9992 
9.500E+02 2.078E+00 2.908E-04 2.078E+00 3.251E+02 3.248E+02 0.9992 
1.000E+03 2.054E+00 2.770E-04 2.054E+00 3.493E+02 3.490E+02 0.9993 
1.500E+03 1.918E+00 1.889E-04 1.918E+00 6.027E+02 6.023E+02 0.9994 
2.000E+03 1.871E+00 1.440E-04 1.871E+00 8.672E+02 8.667E+02 0.9994 
2.500E+03 1.854E+00 1.167E-04 1.855E+00 1.136E+03 1.135E+03 0.9995 
3.000E+03 1.852E+00 9.836E-05 1.852E+00 1.406E+03 1.405E+03 0.9995 
4.000E+03 1.864E+00 7.508E-05 1.864E+00 1.944E+03 1.943E+03 0.9996 
5.000E+03 1.883E+00 6.091E-05 1.883E+00 2.478E+03 2.477E+03 0.9996 
6.000E+03 1.903E+00 5.135E-05 1.903E+00 3.007E+03 3.006E+03 0.9997 
7.000E+03 1.923E+00 4.444E-05 1.923E+00 3.529E+03 3.528E+03 0.9997 
8.000E+03 1.942E+00 3.922E-05 1.942E+00 4.047E+03 4.046E+03 0.9997 
9.000E+03 1.959E+00 3.513E-05 1.959E+00 4.559E+03 4.558E+03 0.9997 
1.000E+04 1.976E+00 3.183E-05 1.976E+00 5.068E+03 5.066E+03 0.9998 
